0 
0 
0 
0 
0 
0 
0 
0 
1 
1 
3 
4 
6 
7 
9 
11 
12 
13 
13 
14 
19 
32 
58 
95 
131 
159 
175 
182 
182 
182 
183 
185 
188 
191 
194 
197 
200 
203 
205 
206 
206 
205 
204 
202 
201 
199 
199 
199 
198 
194 
180 
154 
118 
82 
54 
38 
31 
30 
30 
30 
27 
25 
22 
19 
15 
12 
9 
6 
4 
3 
2 
1 
1 
1 
1 
1 
0 
0 
0 
0 
0 
0 
0 
0 
0 
0 
0 
0 
0 
0 
0 
0 
0 
1 
1 
1 
1 
2 
2 
2 
2 
3 
3 
3 
3 
4 
4 
4 
4 
4 
4 
4 
5 
5 
6 
7 
9 
13 
19 
29 
43 
64 
90 
120 
151 
181 
205 
221 
226 
226 
236 
289 
421 
674 
1055 
1543 
2081 
2569 
2915 
3088 
3124 
3126 
3202 
3409 
3735 
4100 
4437 
4700 
4878 
4979 
5026 
5036 
5025 
5002 
4975 
4951 
4935 
4930 
4932 
4926 
4880 
4757 
4514 
4141 
3660 
3127 
2642 
2298 
2126 
2091 
2089 
2012 
1804 
1478 
1110 
770 
501 
315 
202 
136 
101 
82 
73 
71 
70 
70 
70 
68 
63 
55 
46 
36 
28 
21 
17 
14 
12 
11 
10 
9 
9 
9 
9 
9 
9 
9 
7 
6 
5 
4 
4 
5 
5 
6 
6 
6 
6 
6 
6 
7 
7 
7 
7 
7 
7 
7 
7 
7 
7 
7 
7 
7 
7 
7 
7 
6 
6 
5 
5 
4 
3 
3 
3 
3 
3 
3 
2 
2 
2 
2 
2 
2 
3 
3 
3 
4 
4 
4 
4 
4 
4 
4 
4 
4 
4 
4 
4 
4 
4 
5 
6 
6 
7 
8 
9 
12 
17 
24 
36 
53 
75 
100 
130 
160 
185 
206 
215 
217 
220 
252 
349 
552 
885 
1333 
1846 
2342 
2738 
2973 
3056 
3060 
3081 
3200 
3435 
3741 
4058 
4323 
4519 
4648 
4720 
4751 
4757 
4744 
4722 
4698 
4677 
4668 
4670 
4673 
4651 
4565 
4373 
4049 
3608 
3100 
2607 
2213 
1979 
1897 
1893 
1870 
1751 
1515 
1208 
888 
618 
415 
275 
185 
132 
100 
83 
76 
74 
75 
75 
71 
65 
55 
44 
34 
24 
17 
12 
9 
8 
7 
7 
7 
7 
7 
7 
7 
7 
7 
7 
7 
7 
7 
6 
6 
5 
5 
4 
4 
4 
4 
4 
4 
4 
4 
4 
3 
3 
3 
2 
2 
2 
2 
2 
1 
1 
1 
1 
1 
1 
1 
1 
1 
1 
1 
1 
1 
1 
1 
1 
2 
2 
2 
2 
2 
2 
2 
2 
2 
2 
2 
3 
4 
4 
5 
5 
5 
5 
5 
6 
6 
8 
9 
11 
13 
15 
17 
19 
23 
30 
40 
55 
75 
100 
128 
156 
182 
202 
214 
216 
217 
238 
317 
495 
795 
1213 
1709 
2213 
2639 
2920 
3039 
3055 
3062 
3150 
3362 
3673 
4024 
4347 
4604 
4786 
4903 
4966 
4992 
4990 
4972 
4948 
4927 
4918 
4924 
4936 
4930 
4867 
4704 
4416 
4006 
3516 
3016 
2593 
2312 
2192 
2175 
2166 
2076 
1863 
1549 
1196 
869 
605 
413 
280 
197 
147 
121 
111 
110 
109 
106 
98 
84 
68 
50 
36 
24 
15 
9 
5 
3 
1 
1 
1 
1 
1 
2 
2 
2 
3 
3 
3 
3 
3 
3 
3 
3 
3 
3 
3 
3 
3 
3 
4 
4 
4 
4 
4 
4 
4 
4 
3 
3 
3 
3 
2 
2 
2 
1 
1 
1 
1 
1 
1 
1 
1 
1 
1 
0 
0 
0 
0 
0 
0 
0 
0 
0 
1 
1 
1 
2 
3 
3 
3 
4 
4 
4 
4 
4 
4 
4 
4 
4 
5 
6 
6 
8 
9 
10 
13 
18 
25 
37 
53 
76 
102 
131 
163 
193 
216 
231 
233 
234 
256 
339 
521 
842 
1290 
1828 
2374 
2838 
3145 
3281 
3301 
3309 
3413 
3664 
4030 
4430 
4793 
5068 
5243 
5339 
5375 
5377 
5358 
5329 
5300 
5276 
5262 
5262 
5265 
5249 
5173 
4999 
4687 
4245 
3712 
3169 
2707 
2401 
2265 
2245 
2236 
2131 
1879 
1512 
1108 
741 
459 
271 
159 
100 
72 
62 
59 
58 
58 
57 
55 
50 
44 
36 
28 
20 
14 
9 
6 
4 
3 
2 
2 
2 
2 
2 
2 
2 
2 
2 
2 
3 
3 
3 
3 
3 
3 
3 
3 
3 
3 
3 
3 
3 
3 
2 
2 
2 
2 
2 
2 
2 
2 
2 
1 
1 
1 
1 
1 
1 
1 
1 
0 
0 
0 
0 
0 
0 
0 
0 
0 
0 
0 
0 
0 
0 
1 
1 
1 
2 
2 
3 
3 
3 
3 
3 
3 
3 
3 
3 
4 
4 
4 
5 
6 
7 
8 
11 
15 
21 
32 
47 
68 
94 
123 
155 
187 
214 
233 
240 
240 
249 
299 
432 
678 
1046 
1510 
2006 
2470 
2810 
2997 
3050 
3049 
3089 
3238 
3495 
3812 
4128 
4398 
4595 
4721 
4790 
4818 
4816 
4797 
4770 
4742 
4723 
4718 
4723 
4723 
4685 
4564 
4330 
3972 
3514 
3023 
2562 
2224 
2038 
1986 
1986 
1945 
1796 
1538 
1218 
897 
621 
413 
272 
182 
129 
101 
88 
83 
82 
82 
80 
74 
65 
53 
41 
29 
19 
13 
8 
4 
2 
1 
0 
0 
0 
0 
0 
0 
0 
0 
0 
0 
0 
1 
1 
1 
1 
1 
1 
1 
1 
1 
1 
2 
2 
2 
2 
2 
2 
2 
2 
2 
2 
2 
2 
2 
2 
2 
2 
2 
1 
1 
1 
1 
1 
1 
1 
1 
1 
1 
1 
1 
1 
1 
1 
1 
1 
2 
2 
2 
2 
3 
3 
3 
4 
4 
4 
4 
4 
4 
4 
4 
4 
4 
5 
5 
5 
6 
7 
9 
13 
20 
29 
44 
65 
89 
116 
144 
170 
190 
202 
204 
205 
225 
299 
462 
744 
1155 
1651 
2155 
2588 
2870 
2994 
3010 
3020 
3120 
3349 
3675 
4033 
4349 
4589 
4748 
4837 
4878 
4886 
4873 
4849 
4824 
4803 
4792 
4793 
4797 
4784 
4720 
4566 
4293 
3890 
3400 
2899 
2468 
2188 
2065 
2049 
2039 
1938 
1709 
1382 
1021 
701 
455 
287 
182 
121 
89 
74 
69 
69 
69 
68 
65 
60 
52 
43 
33 
23 
16 
11 
7 
5 
3 
2 
2 
2 
2 
2 
2 
2 
2 
2 
2 
3 
3 
3 
3 
2 
2 
2 
2 
2 
2 
2 
2 
2 
2 
2 
2 
2 
2 
2 
2 
1 
1 
1 
1 
1 
1 
1 
1 
1 
1 
0 
0 
0 
1 
1 
1 
1 
1 
1 
1 
1 
1 
1 
2 
2 
2 
2 
3 
3 
4 
5 
5 
6 
6 
6 
6 
6 
6 
6 
6 
6 
6 
7 
8 
9 
10 
11 
13 
15 
18 
23 
31 
44 
61 
84 
108 
133 
157 
176 
186 
188 
188 
201 
256 
389 
629 
990 
1438 
1918 
2336 
2624 
2756 
2778 
2781 
2860 
3062 
3361 
3692 
3990 
4214 
4360 
4437 
4470 
4473 
4461 
4440 
4417 
4398 
4387 
4385 
4387 
4377 
4328 
4204 
3973 
3621 
3179 
2704 
2289 
2003 
1872 
1850 
1846 
1766 
1564 
1263 
930 
629 
399 
245 
155 
104 
78 
67 
62 
61 
61 
61 
60 
59 
55 
48 
40 
30 
22 
15 
10 
7 
5 
4 
3 
3 
3 
3 
3 
3 
4 
4 
5 
5 
6 
6 
6 
6 
5 
5 
5 
5 
5 
5 
5 
6 
6 
6 
6 
7 
7 
7 
7 
7 
7 
7 
7 
7 
7 
6 
6 
5 
4 
4 
4 
4 
4 
4 
4 
4 
3 
3 
3 
3 
3 
2 
2 
3 
3 
3 
4 
4 
5 
5 
5 
5 
4 
4 
4 
4 
4 
5 
5 
5 
6 
6 
7 
7 
8 
9 
11 
15 
22 
31 
46 
65 
88 
116 
147 
179 
206 
223 
230 
229 
242 
307 
461 
737 
1133 
1621 
2125 
2566 
2879 
3033 
3068 
3069 
3124 
3292 
3561 
3879 
4188 
4452 
4645 
4771 
4842 
4874 
4876 
4857 
4828 
4800 
4784 
4782 
4792 
4790 
4740 
4601 
4337 
3951 
3470 
2971 
2532 
2220 
2067 
2031 
2031 
1975 
1807 
1537 
1217 
903 
633 
431 
290 
200 
144 
114 
101 
98 
98 
96 
92 
82 
70 
55 
41 
29 
19 
12 
7 
4 
3 
2 
1 
1 
1 
1 
1 
1 
2 
2 
2 
2 
2 
2 
2 
2 
2 
2 
2 
2 
2 
2 
2 
3 
3 
3 
3 
3 
3 
3 
3 
3 
3 
2 
2 
2 
2 
2 
2 
2 
2 
1 
1 
1 
1 
1 
1 
1 
1 
1 
1 
1 
1 
1 
2 
2 
3 
4 
4 
4 
5 
5 
5 
5 
5 
5 
5 
5 
4 
4 
4 
4 
4 
5 
5 
6 
7 
9 
11 
14 
18 
23 
32 
47 
65 
88 
114 
142 
167 
188 
200 
202 
204 
226 
303 
476 
770 
1188 
1684 
2197 
2623 
2898 
3014 
3026 
3041 
3160 
3416 
3768 
4140 
4462 
4703 
4852 
4931 
4960 
4958 
4941 
4915 
4889 
4868 
4857 
4859 
4864 
4850 
4784 
4622 
4339 
3930 
3441 
2934 
2513 
2239 
2124 
2112 
2096 
1976 
1718 
1365 
990 
664 
418 
259 
166 
118 
96 
88 
86 
86 
86 
85 
81 
74 
66 
55 
44 
33 
24 
17 
11 
7 
5 
4 
4 
4 
4 
4 
4 
4 
4 
4 
4 
4 
4 
4 
4 
3 
3 
3 
3 
3 
4 
4 
4 
4 
4 
4 
4 
4 
4 
4 
4 
4 
3 
3 
3 
3 
3 
2 
2 
2 
1 
1 
1 
1 
1 
1 
1 
1 
1 
0 
0 
0 
0 
0 
0 
0 
1 
1 
1 
1 
2 
2 
3 
3 
3 
3 
3 
3 
3 
3 
4 
4 
5 
5 
6 
7 
8 
11 
15 
21 
29 
41 
57 
78 
102 
128 
154 
176 
190 
195 
194 
206 
262 
402 
655 
1029 
1493 
1989 
2430 
2743 
2896 
2930 
2931 
2995 
3172 
3447 
3764 
4067 
4314 
4493 
4613 
4687 
4722 
4730 
4717 
4695 
4673 
4659 
4660 
4671 
4673 
4635 
4512 
4274 
3910 
3454 
2962 
2524 
2211 
2058 
2024 
2022 
1958 
1780 
1504 
1184 
877 
625 
437 
305 
215 
159 
127 
114 
110 
110 
109 
103 
92 
78 
60 
43 
28 
17 
10 
6 
3 
2 
1 
1 
1 
1 
1 
1 
1 
2 
2 
2 
2 
3 
3 
3 
3 
3 
3 
3 
4 
4 
5 
5 
5 
5 
5 
5 
5 
5 
5 
5 
5 
5 
5 
5 
5 
5 
4 
4 
4 
3 
3 
3 
2 
2 
2 
2 
2 
1 
1 
1 
0 
0 
0 
0 
1 
1 
1 
2 
2 
2 
2 
2 
2 
2 
2 
2 
2 
3 
3 
3 
3 
3 
3 
3 
4 
4 
5 
8 
13 
21 
35 
52 
76 
104 
133 
163 
189 
208 
216 
217 
221 
258 
362 
570 
903 
1352 
1856 
2336 
2703 
2906 
2964 
2964 
3010 
3173 
3455 
3800 
4137 
4409 
4603 
4718 
4774 
4786 
4774 
4750 
4722 
4696 
4677 
4670 
4674 
4675 
4648 
4554 
4357 
4032 
3590 
3091 
2615 
2250 
2049 
1991 
1991 
1945 
1782 
1500 
1153 
813 
537 
334 
206 
133 
96 
80 
74 
72 
72 
72 
70 
66 
60 
51 
40 
30 
21 
15 
9 
5 
3 
2 
1 
1 
1 
1 
1 
1 
2 
2 
2 
2 
3 
3 
3 
3 
3 
3 
3 
3 
3 
3 
3 
3 
3 
3 
4 
3 
3 
3 
3 
3 
3 
3 
3 
2 
2 
2 
2 
1 
1 
1 
1 
1 
1 
1 
1 
1 
1 
1 
1 
1 
1 
1 
1 
1 
1 
1 
1 
2 
2 
3 
3 
3 
3 
3 
3 
3 
3 
4 
4 
5 
6 
7 
7 
8 
9 
11 
13 
17 
23 
34 
48 
69 
93 
121 
149 
173 
190 
197 
197 
204 
249 
373 
603 
956 
1413 
1917 
2389 
2749 
2951 
3014 
3015 
3048 
3188 
3445 
3770 
4102 
4392 
4615 
4768 
4861 
4908 
4920 
4907 
4882 
4858 
4842 
4840 
4848 
4853 
4820 
4708 
4490 
4145 
3694 
3194 
2724 
2365 
2163 
2099 
2099 
2064 
1924 
1665 
1339 
1005 
711 
481 
318 
210 
143 
106 
92 
89 
89 
87 
82 
73 
61 
48 
36 
25 
17 
11 
7 
5 
3 
3 
2 
2 
2 
2 
3 
3 
3 
3 
4 
4 
4 
3 
3 
3 
3 
3 
3 
3 
3 
3 
3 
3 
3 
3 
3 
3 
3 
3 
3 
3 
2 
2 
2 
2 
2 
1 
1 
1 
1 
1 
1 
1 
1 
1 
1 
1 
0 
0 
0 
0 
0 
0 
0 
0 
0 
0 
1 
1 
1 
2 
2 
3 
3 
3 
3 
3 
3 
3 
3 
4 
4 
5 
5 
6 
7 
9 
11 
16 
24 
36 
53 
76 
103 
133 
163 
191 
212 
221 
221 
225 
258 
363 
576 
909 
1350 
1846 
2318 
2692 
2916 
2996 
2998 
3022 
3145 
3385 
3704 
4034 
4318 
4529 
4667 
4739 
4767 
4764 
4743 
4716 
4688 
4668 
4660 
4664 
4667 
4641 
4546 
4341 
4015 
3580 
3087 
2617 
2245 
2021 
1942 
1939 
1915 
1791 
1550 
1230 
897 
608 
390 
240 
150 
99 
75 
65 
63 
63 
62 
60 
55 
49 
40 
31 
22 
15 
9 
6 
4 
2 
1 
1 
1 
0 
0 
0 
0 
0 
0 
0 
1 
1 
2 
2 
3 
4 
4 
4 
4 
4 
4 
4 
4 
5 
5 
5 
5 
5 
5 
5 
5 
5 
5 
5 
6 
6 
8 
11 
16 
26 
40 
59 
80 
106 
133 
159 
180 
192 
194 
195 
216 
289 
452 
728 
1117 
1589 
2068 
2479 
2755 
2875 
2893 
2901 
2991 
3204 
3511 
3850 
4153 
4383 
4527 
4603 
4632 
4632 
4614 
4588 
4562 
4542 
4530 
4529 
4532 
4516 
4449 
4293 
4024 
3640 
3171 
2693 
2284 
2009 
1889 
1872 
1864 
1773 
1560 
1253 
913 
606 
371 
217 
127 
80 
58 
49 
47 
47 
47 
46 
45 
42 
36 
30 
23 
17 
12 
9 
7 
7 
6 
5 
5 
5 
5 
6 
6 
6 
6 
5 
5 
5 
4 
4 
4 
4 
4 
4 
4 
4 
4 
4 
4 
4 
4 
3 
3 
3 
2 
2 
2 
2 
2 
2 
2 
1 
1 
1 
1 
1 
1 
1 
1 
1 
1 
1 
1 
1 
1 
1 
0 
0 
0 
0 
0 
0 
0 
0 
0 
0 
0 
0 
0 
0 
0 
0 
0 
0 
0 
0 
0 
0 
0 
0 
0 
0 
0 
0 
0 
0 
0 
0 
0 
0 
0 
0 
0 
0 
0 
0 
0 
0 
1 
1 
1 
2 
3 
4 
6 
9 
13 
20 
29 
43 
60 
81 
102 
123 
139 
148 
151 
151 
166 
222 
354 
589 
929 
1347 
1788 
2177 
2446 
2578 
2602 
2606 
2682 
2884 
3196 
3555 
3879 
4127 
4289 
4373 
4402 
4402 
4386 
4366 
4346 
4330 
4320 
4319 
4320 
4309 
4257 
4132 
3903 
3569 
3154 
2717 
2330 
2062 
1931 
1907 
1904 
1827 
1625 
1311 
951 
624 
372 
204 
110 
67 
49 
44 
43 
44 
43 
43 
42 
41 
37 
33 
26 
19 
14 
10 
7 
4 
3 
2 
1 
0 
0 
0 
0 
0 
0 
0 
0 
0 
1 
1 
1 
1 
1 
1 
1 
1 
1 
1 
1 
1 
1 
1 
1 
1 
1 
1 
1 
1 
1 
1 
1 
1 
1 
1 
1 
1 
0 
0 
0 
0 
0 
0 
0 
0 
0 
0 
0 
0 
0 
0 
0 
0 
0 
0 
0 
0 
0 
0 
0 
0 
0 
0 
0 
0 
0 
0 
0 
0 
0 
0 
1 
1 
1 
1 
1 
2 
3 
4 
6 
11 
19 
31 
47 
66 
88 
112 
135 
152 
162 
164 
165 
184 
249 
390 
630 
970 
1381 
1807 
2174 
2415 
2519 
2531 
2543 
2643 
2867 
3180 
3512 
3798 
4001 
4121 
4177 
4193 
4186 
4167 
4143 
4121 
4103 
4094 
4093 
4094 
4077 
4017 
3881 
3645 
3310 
2903 
2480 
2114 
1875 
1772 
1760 
1749 
1648 
1424 
1110 
777 
489 
281 
153 
85 
53 
41 
37 
37 
37 
37 
37 
36 
34 
32 
28 
23 
17 
12 
9 
6 
4 
3 
2 
1 
1 
1 
1 
1 
1 
1 
1 
1 
1 
1 
1 
1 
1 
1 
1 
1 
1 
1 
1 
1 
1 
1 
1 
1 
1 
1 
1 
1 
1 
1 
1 
1 
1 
1 
1 
1 
0 
0 
0 
0 
0 
0 
0 
0 
0 
0 
0 
0 
0 
0 
0 
0 
0 
0 
0 
0 
0 
0 
0 
0 
0 
1 
1 
1 
1 
1 
1 
1 
1 
2 
2 
3 
4 
5 
6 
8 
10 
14 
19 
27 
35 
45 
55 
64 
72 
76 
78 
78 
82 
104 
168 
301 
519 
820 
1167 
1507 
1765 
1906 
1939 
1941 
2030 
2324 
2860 
3560 
4240 
4741 
5014 
5102 
5105 
5100 
5116 
5152 
5191 
5226 
5258 
5286 
5312 
5327 
5318 
5261 
5132 
4915 
4614 
4267 
3927 
3669 
3528 
3494 
3492 
3402 
3107 
2570 
1869 
1187 
683 
407 
313 
303 
300 
274 
228 
180 
137 
100 
70 
44 
25 
12 
4 
1 
0 
0 
0 
0 
0 
0 
0 
0 
0 
0 
0 
0 
0 
0 
0 
0 
0 
0 
0 
0 
0 
0 
0 
0 
0 
0 
0 
0 
0 
0 
0 
0 
0 
0 
0 
0 
0 
0 
0 
0 
0 
0 
0 
0 
0 
0 
0 
0 
0 
0 
0 
0 
0 
0 
0 
0 
0 
0 
0 
0 
0 
0 
0 
0 
0 
0 
0 
0 
0 
0 
0 
1 
1 
1 
1 
1 
1 
1 
1 
1 
2 
2 
2 
3 
4 
5 
8 
12 
19 
30 
44 
63 
88 
114 
140 
162 
178 
185 
184 
192 
233 
341 
549 
869 
1279 
1728 
2146 
2460 
2632 
2682 
2682 
2722 
2872 
3129 
3454 
3771 
4037 
4228 
4346 
4405 
4426 
4421 
4403 
4379 
4356 
4340 
4337 
4342 
4342 
4311 
4212 
4014 
3701 
3296 
2852 
2436 
2124 
1952 
1902 
1902 
1862 
1712 
1454 
1127 
807 
537 
340 
212 
138 
97 
78 
71 
68 
68 
68 
65 
60 
52 
42 
33 
23 
16 
11 
7 
4 
2 
1 
1 
1 
1 
1 
1 
1 
1 
1 
1 
1 
1 
1 
1 
1 
1 
1 
1 
2 
2 
2 
2 
2 
2 
2 
2 
2 
2 
2 
2 
2 
2 
2 
2 
2 
2 
2 
2 
2 
2 
1 
1 
1 
1 
1 
1 
1 
1 
1 
0 
0 
0 
0 
0 
0 
0 
1 
1 
1 
1 
1 
1 
2 
2 
2 
2 
2 
2 
2 
2 
3 
3 
4 
4 
5 
6 
8 
11 
16 
22 
32 
44 
60 
79 
101 
123 
144 
160 
168 
169 
171 
195 
275 
438 
708 
1083 
1531 
1988 
2369 
2621 
2729 
2740 
2752 
2852 
3075 
3393 
3737 
4033 
4251 
4382 
4450 
4475 
4475 
4461 
4441 
4421 
4405 
4396 
4396 
4395 
4374 
4299 
4142 
3879 
3511 
3069 
2617 
2239 
1989 
1881 
1870 
1859 
1758 
1534 
1214 
867 
566 
342 
201 
121 
81 
62 
53 
51 
50 
50 
50 
49 
48 
45 
40 
33 
26 
19 
14 
9 
6 
4 
2 
2 
1 
1 
1 
1 
1 
2 
2 
2 
2 
2 
2 
2 
2 
2 
2 
2 
2 
2 
2 
2 
2 
2 
2 
2 
2 
2 
2 
2 
2 
2 
2 
2 
2 
2 
2 
1 
1 
1 
1 
0 
0 
0 
1 
1 
0 
0 
0 
0 
0 
0 
0 
0 
0 
0 
1 
1 
2 
2 
3 
3 
4 
4 
4 
4 
4 
4 
4 
4 
5 
5 
6 
6 
7 
8 
10 
14 
19 
29 
42 
59 
82 
108 
136 
163 
187 
205 
211 
210 
218 
263 
387 
617 
964 
1412 
1892 
2333 
2653 
2825 
2873 
2872 
2912 
3057 
3308 
3613 
3917 
4169 
4357 
4481 
4553 
4584 
4588 
4574 
4551 
4527 
4510 
4507 
4514 
4517 
4483 
4371 
4152 
3814 
3371 
2895 
2457 
2138 
1966 
1919 
1919 
1878 
1733 
1480 
1173 
866 
608 
410 
274 
184 
130 
100 
86 
81 
81 
80 
77 
69 
58 
46 
34 
24 
15 
10 
6 
3 
1 
0 
0 
0 
0 
0 
1 
1 
1 
2 
2 
3 
3 
4 
4 
4 
4 
4 
4 
4 
4 
4 
4 
4 
5 
5 
5 
5 
5 
5 
5 
5 
5 
5 
4 
4 
4 
3 
3 
2 
2 
1 
1 
1 
1 
1 
1 
1 
1 
1 
1 
0 
0 
0 
0 
0 
0 
0 
0 
0 
0 
0 
0 
1 
1 
1 
1 
2 
2 
2 
2 
2 
2 
2 
2 
3 
3 
4 
5 
7 
10 
14 
20 
31 
45 
66 
92 
122 
152 
180 
203 
217 
220 
221 
239 
316 
493 
801 
1234 
1755 
2292 
2749 
3055 
3192 
3212 
3220 
3316 
3550 
3895 
4274 
4624 
4894 
5070 
5172 
5215 
5223 
5208 
5183 
5155 
5133 
5120 
5120 
5126 
5116 
5049 
4882 
4584 
4158 
3643 
3109 
2655 
2349 
2214 
2193 
2185 
2088 
1853 
1506 
1124 
771 
495 
307 
191 
127 
93 
78 
73 
73 
73 
71 
67 
60 
52 
42 
32 
22 
14 
9 
5 
3 
2 
1 
0 
0 
0 
0 
0 
0 
1 
1 
1 
1 
1 
1 
1 
1 
1 
1 
1 
1 
1 
2 
2 
2 
2 
2 
2 
2 
2 
2 
2 
2 
2 
2 
2 
2 
2 
1 
1 
1 
1 
1 
1 
1 
1 
0 
0 
0 
0 
0 
0 
0 
0 
0 
0 
0 
0 
0 
0 
0 
0 
0 
0 
0 
0 
1 
1 
1 
1 
1 
1 
1 
1 
2 
3 
4 
5 
6 
8 
10 
14 
21 
30 
44 
61 
84 
108 
134 
159 
178 
187 
188 
191 
219 
309 
496 
803 
1221 
1709 
2189 
2578 
2824 
2921 
2927 
2946 
3069 
3331 
3690 
4062 
4385 
4619 
4759 
4826 
4844 
4837 
4816 
4791 
4767 
4748 
4739 
4740 
4741 
4718 
4634 
4453 
4153 
3739 
3255 
2777 
2391 
2145 
2049 
2042 
2023 
1899 
1635 
1275 
900 
573 
333 
183 
103 
67 
52 
48 
47 
47 
47 
46 
44 
40 
35 
29 
22 
16 
11 
8 
5 
3 
2 
1 
0 
0 
0 
0 
0 
0 
0 
0 
0 
0 
1 
1 
1 
1 
1 
1 
1 
1 
1 
1 
1 
1 
1 
1 
1 
1 
1 
1 
1 
1 
1 
1 
1 
1 
1 
1 
1 
0 
0 
0 
0 
0 
0 
0 
0 
0 
0 
0 
0 
0 
0 
0 
0 
0 
0 
1 
1 
1 
2 
3 
3 
3 
3 
3 
3 
3 
3 
4 
4 
4 
5 
5 
6 
7 
8 
10 
13 
17 
23 
31 
44 
62 
84 
110 
140 
167 
191 
205 
209 
209 
223 
285 
434 
704 
1100 
1588 
2100 
2556 
2876 
3034 
3068 
3068 
3129 
3311 
3603 
3947 
4276 
4547 
4741 
4864 
4930 
4956 
4956 
4936 
4911 
4887 
4873 
4874 
4882 
4879 
4829 
4691 
4432 
4045 
3562 
3053 
2599 
2280 
2122 
2089 
2088 
2026 
1844 
1549 
1203 
869 
593 
391 
254 
171 
123 
97 
86 
83 
84 
82 
78 
69 
58 
46 
34 
24 
15 
10 
6 
4 
3 
2 
1 
1 
1 
1 
1 
2 
2 
2 
2 
3 
3 
3 
3 
3 
3 
3 
2 
2 
3 
3 
3 
3 
3 
3 
3 
3 
3 
3 
3 
3 
3 
3 
3 
3 
2 
2 
2 
1 
1 
1 
1 
1 
1 
1 
1 
1 
1 
1 
0 
0 
0 
0 
0 
0 
0 
0 
0 
0 
0 
0 
0 
0 
1 
1 
1 
1 
1 
1 
1 
1 
1 
2 
2 
2 
3 
4 
5 
9 
14 
23 
35 
52 
75 
103 
135 
167 
195 
217 
228 
229 
232 
264 
365 
578 
932 
1411 
1975 
2529 
2978 
3248 
3345 
3349 
3377 
3521 
3809 
4189 
4581 
4916 
5160 
5316 
5395 
5426 
5424 
5403 
5374 
5346 
5323 
5315 
5318 
5324 
5302 
5212 
5010 
4665 
4191 
3633 
3081 
2635 
2366 
2270 
2265 
2238 
2092 
1804 
1422 
1026 
686 
434 
266 
169 
116 
90 
80 
77 
77 
77 
75 
70 
62 
51 
40 
29 
21 
14 
10 
7 
5 
4 
3 
3 
3 
4 
4 
4 
5 
5 
6 
6 
7 
7 
7 
7 
6 
6 
6 
6 
6 
7 
7 
7 
8 
8 
8 
8 
7 
7 
7 
6 
6 
6 
6 
5 
5 
4 
4 
3 
3 
2 
2 
2 
2 
2 
2 
2 
2 
1 
1 
1 
0 
0 
0 
0 
0 
0 
1 
1 
1 
1 
2 
2 
2 
3 
3 
3 
3 
3 
3 
3 
4 
4 
5 
6 
8 
10 
13 
19 
29 
43 
64 
92 
126 
162 
198 
228 
249 
257 
257 
265 
315 
452 
716 
1119 
1640 
2212 
2732 
3114 
3311 
3361 
3361 
3427 
3634 
3973 
4367 
4731 
5013 
5196 
5294 
5332 
5330 
5305 
5272 
5236 
5206 
5185 
5179 
5182 
5178 
5135 
5007 
4751 
4356 
3840 
3272 
2754 
2374 
2178 
2128 
2128 
2060 
1852 
1512 
1116 
749 
460 
268 
156 
97 
71 
61 
59 
58 
58 
58 
56 
53 
48 
41 
32 
24 
16 
11 
7 
4 
2 
1 
1 
1 
0 
0 
0 
1 
1 
1 
1 
1 
1 
1 
1 
1 
1 
1 
1 
1 
1 
1 
2 
1 
1 
1 
1 
1 
1 
2 
2 
1 
1 
1 
1 
1 
1 
1 
1 
1 
1 
1 
1 
1 
0 
0 
0 
0 
0 
0 
0 
0 
0 
0 
0 
0 
0 
0 
0 
0 
1 
1 
1 
2 
2 
2 
2 
2 
2 
2 
2 
2 
3 
3 
3 
4 
5 
6 
8 
11 
17 
25 
38 
58 
80 
106 
132 
156 
175 
185 
186 
187 
207 
278 
432 
702 
1083 
1540 
2004 
2385 
2626 
2719 
2726 
2743 
2855 
3084 
3383 
3689 
3950 
4137 
4256 
4323 
4352 
4357 
4346 
4325 
4302 
4283 
4274 
4276 
4280 
4268 
4207 
4063 
3801 
3426 
2974 
2513 
2134 
1894 
1801 
1794 
1777 
1665 
1435 
1134 
827 
563 
371 
242 
162 
114 
87 
72 
66 
65 
66 
65 
61 
56 
47 
38 
28 
20 
13 
9 
6 
4 
3 
3 
2 
2 
2 
2 
2 
2 
3 
3 
3 
3 
3 
3 
2 
2 
2 
2 
2 
2 
3 
3 
3 
2 
2 
2 
2 
2 
2 
2 
2 
1 
1 
1 
1 
1 
1 
1 
0 
0 
0 
0 
0 
0 
0 
0 
0 
0 
0 
0 
0 
0 
0 
0 
0 
0 
0 
1 
1 
1 
1 
2 
2 
2 
2 
2 
2 
2 
2 
3 
3 
4 
5 
6 
7 
9 
10 
12 
16 
21 
30 
42 
59 
82 
108 
137 
165 
187 
199 
202 
202 
223 
296 
459 
741 
1137 
1617 
2113 
2546 
2834 
2966 
2986 
2992 
3084 
3307 
3639 
4011 
4355 
4625 
4809 
4917 
4967 
4979 
4967 
4941 
4914 
4891 
4882 
4886 
4895 
4886 
4824 
4672 
4399 
4010 
3534 
3042 
2611 
2323 
2192 
2172 
2164 
2071 
1847 
1513 
1139 
792 
516 
324 
204 
136 
102 
88 
84 
84 
84 
81 
75 
65 
53 
41 
30 
21 
14 
9 
6 
4 
3 
2 
2 
2 
2 
3 
3 
3 
4 
4 
4 
4 
4 
4 
4 
4 
4 
3 
3 
3 
3 
3 
3 
4 
4 
4 
4 
4 
4 
4 
3 
3 
3 
3 
3 
2 
2 
2 
1 
1 
1 
1 
1 
1 
1 
1 
2 
2 
2 
2 
2 
2 
2 
2 
2 
2 
2 
2 
3 
3 
3 
3 
4 
4 
4 
4 
4 
4 
4 
4 
4 
5 
5 
6 
7 
8 
10 
12 
14 
18 
25 
34 
47 
65 
85 
109 
133 
154 
168 
174 
173 
180 
223 
335 
549 
869 
1279 
1728 
2146 
2459 
2632 
2681 
2681 
2718 
2858 
3109 
3414 
3712 
3954 
4121 
4219 
4265 
4277 
4271 
4252 
4230 
4210 
4195 
4190 
4192 
4187 
4148 
4041 
3834 
3520 
3114 
2669 
2253 
1941 
1769 
1719 
1719 
1681 
1540 
1288 
981 
680 
433 
261 
153 
94 
64 
50 
45 
43 
43 
43 
43 
41 
38 
34 
29 
22 
17 
12 
9 
7 
6 
5 
5 
5 
5 
5 
5 
5 
6 
6 
7 
7 
7 
6 
6 
6 
5 
5 
5 
5 
5 
5 
5 
6 
6 
6 
5 
5 
5 
5 
4 
4 
4 
3 
3 
3 
3 
2 
2 
1 
1 
1 
1 
1 
1 
1 
1 
1 
1 
1 
1 
1 
1 
1 
1 
1 
1 
2 
2 
2 
3 
3 
3 
3 
3 
3 
3 
3 
3 
4 
4 
4 
4 
5 
6 
7 
7 
9 
10 
13 
18 
25 
37 
53 
74 
98 
123 
149 
173 
190 
197 
198 
204 
245 
356 
570 
896 
1307 
1748 
2144 
2432 
2581 
2621 
2620 
2656 
2771 
2967 
3201 
3428 
3616 
3758 
3850 
3902 
3924 
3926 
3913 
3892 
3869 
3852 
3845 
3847 
3845 
3811 
3706 
3500 
3180 
2775 
2338 
1945 
1659 
1511 
1471 
1471 
1435 
1319 
1121 
886 
656 
464 
314 
210 
142 
99 
73 
60 
55 
54 
54 
54 
52 
47 
41 
33 
26 
19 
14 
10 
7 
5 
4 
4 
5 
6 
8 
10 
14 
19 
26 
32 
38 
42 
44 
44 
44 
44 
44 
46 
48 
51 
55 
58 
60 
63 
64 
65 
65 
65 
65 
64 
63 
63 
61 
60 
57 
53 
48 
42 
36 
33 
33 
38 
50 
66 
87 
110 
135 
158 
177 
189 
191 
188 
196 
242 
365 
594 
941 
1374 
1846 
2272 
2579 
2733 
2772 
2772 
2823 
2977 
3229 
3523 
3803 
4028 
4184 
4276 
4319 
4330 
4321 
4300 
4276 
4253 
4239 
4235 
4238 
4233 
4192 
4074 
3851 
3509 
3079 
2609 
2185 
1879 
1725 
1687 
1687 
1636 
1482 
1230 
935 
653 
424 
261 
157 
98 
66 
52 
46 
45 
44 
44 
43 
39 
34 
28 
21 
15 
10 
7 
5 
4 
3 
3 
3 
3 
3 
4 
4 
4 
4 
4 
4 
4 
4 
4 
4 
4 
4 
4 
4 
4 
5 
5 
5 
5 
5 
5 
4 
4 
4 
4 
3 
3 
3 
3 
3 
2 
2 
2 
1 
1 
1 
1 
1 
1 
1 
1 
1 
0 
0 
0 
0 
0 
0 
0 
0 
0 
0 
0 
0 
0 
0 
0 
0 
0 
0 
0 
0 
0 
0 
0 
0 
0 
0 
0 
0 
0 
0 
0 
0 
0 
0 
0 
0 
0 
0 
0 
0 
1 
1 
1 
1 
2 
3 
4 
5 
7 
11 
18 
28 
43 
62 
84 
108 
134 
159 
176 
185 
185 
190 
229 
341 
554 
881 
1306 
1778 
2219 
2559 
2757 
2824 
2826 
2850 
2965 
3194 
3494 
3799 
4059 
4250 
4371 
4437 
4461 
4461 
4447 
4427 
4404 
4388 
4379 
4379 
4375 
4340 
4233 
4028 
3709 
3291 
2825 
2388 
2051 
1856 
1790 
1788 
1765 
1649 
1420 
1119 
812 
548 
350 
218 
138 
95 
72 
62 
56 
54 
54 
54 
54 
52 
49 
43 
36 
28 
20 
15 
11 
8 
6 
4 
3 
2 
2 
2 
2 
2 
2 
2 
2 
2 
2 
2 
2 
2 
2 
2 
2 
2 
2 
2 
2 
2 
2 
2 
2 
2 
2 
1 
1 
1 
1 
1 
1 
1 
1 
2 
2 
3 
4 
4 
5 
5 
5 
6 
8 
17 
33 
55 
81 
105 
126 
141 
148 
152 
152 
152 
156 
168 
193 
231 
284 
346 
410 
475 
530 
575 
603 
613 
612 
618 
651 
731 
855 
993 
1113 
1180 
1196 
1179 
1154 
1138 
1136 
1143 
1152 
1161 
1167 
1168 
1159 
1137 
1100 
1047 
985 
921 
856 
800 
755 
727 
716 
716 
709 
675 
595 
471 
330 
202 
119 
80 
72 
72 
67 
55 
40 
28 
18 
12 
7 
4 
2 
0 
0 
0 
0 
0 
0 
0 
0 
0 
0 
0 
0 
0 
0 
0 
1 
1 
3 
4 
5 
7 
9 
12 
14 
16 
16 
16 
17 
22 
33 
51 
73 
97 
120 
138 
150 
156 
159 
159 
160 
164 
176 
196 
224 
254 
281 
304 
319 
327 
330 
329 
326 
327 
335 
355 
387 
425 
454 
466 
458 
437 
413 
392 
377 
369 
366 
367 
369 
371 
370 
360 
341 
314 
284 
256 
232 
216 
207 
203 
202 
203 
200 
190 
170 
138 
99 
65 
42 
33 
31 
31 
30 
26 
22 
19 
16 
13 
10 
7 
5 
4 
3 
2 
2 
2 
2 
1 
1 
0 
0 
0 
0 
0 
0 
0 
1 
1 
3 
4 
5 
7 
9 
10 
11 
12 
12 
13 
17 
26 
42 
63 
86 
107 
123 
135 
141 
143 
143 
144 
150 
163 
184 
210 
238 
263 
283 
298 
309 
314 
315 
313 
313 
322 
342 
372 
406 
430 
438 
428 
408 
386 
366 
352 
342 
337 
336 
338 
338 
334 
323 
304 
280 
253 
227 
206 
190 
178 
172 
170 
170 
168 
159 
138 
108 
74 
46 
28 
22 
21 
21 
19 
17 
15 
14 
12 
11 
10 
8 
6 
4 
2 
1 
0 
0 
0 
0 
0 
0 
0 
0 
0 
0 
0 
0 
0 
1 
2 
4 
6 
7 
9 
11 
12 
13 
13 
13 
16 
25 
39 
60 
85 
107 
125 
137 
143 
145 
145 
146 
151 
163 
184 
210 
236 
258 
275 
285 
289 
289 
287 
286 
287 
293 
308 
332 
360 
383 
391 
383 
363 
339 
318 
303 
295 
291 
291 
292 
292 
288 
277 
258 
234 
210 
189 
172 
161 
155 
154 
154 
155 
153 
146 
130 
106 
78 
52 
36 
29 
28 
28 
27 
23 
20 
18 
15 
14 
13 
13 
11 
10 
8 
5 
4 
3 
3 
3 
3 
2 
2 
1 
0 
0 
0 
1 
2 
3 
5 
7 
9 
13 
16 
19 
21 
22 
22 
23 
29 
45 
73 
112 
155 
198 
236 
265 
281 
286 
286 
289 
301 
329 
372 
425 
477 
520 
551 
567 
572 
571 
568 
566 
568 
581 
606 
640 
675 
698 
696 
672 
633 
592 
554 
523 
501 
489 
486 
488 
486 
474 
447 
403 
350 
297 
254 
222 
204 
196 
194 
194 
193 
188 
173 
147 
113 
76 
48 
34 
30 
30 
29 
23 
15 
9 
5 
2 
1 
0 
0 
0 
0 
0 
0 
0 
0 
0 
0 
0 
0 
0 
0 
0 
0 
0 
1 
1 
3 
4 
6 
8 
11 
13 
15 
17 
17 
17 
18 
25 
41 
71 
114 
165 
216 
256 
284 
299 
303 
303 
306 
320 
350 
398 
465 
544 
627 
703 
763 
801 
820 
823 
820 
827 
857 
921 
1015 
1115 
1195 
1235 
1227 
1188 
1137 
1092 
1065 
1054 
1057 
1068 
1078 
1080 
1069 
1040 
992 
924 
845 
763 
688 
628 
588 
568 
563 
563 
555 
523 
458 
365 
264 
177 
121 
99 
95 
95 
89 
76 
58 
40 
26 
16 
10 
8 
7 
7 
7 
6 
5 
3 
2 
1 
0 
0 
0 
0 
0 
0 
0 
0 
1 
1 
3 
5 
8 
12 
17 
21 
25 
28 
29 
29 
30 
36 
50 
77 
113 
151 
188 
216 
235 
246 
250 
251 
251 
255 
268 
292 
326 
362 
393 
418 
433 
441 
442 
441 
437 
433 
433 
442 
465 
496 
524 
536 
522 
488 
450 
416 
394 
381 
375 
374 
374 
375 
372 
359 
334 
300 
264 
232 
206 
188 
178 
172 
169 
169 
169 
166 
155 
133 
101 
66 
40 
28 
26 
26 
23 
17 
11 
6 
3 
2 
1 
0 
0 
0 
0 
0 
0 
0 
0 
0 
0 
0 
0 
0 
0 
0 
0 
0 
0 
0 
1 
2 
4 
7 
12 
19 
26 
33 
38 
40 
40 
41 
47 
63 
91 
128 
166 
200 
225 
239 
246 
247 
247 
248 
254 
269 
295 
335 
391 
461 
537 
602 
647 
666 
664 
658 
678 
744 
858 
998 
1130 
1224 
1264 
1255 
1220 
1184 
1160 
1154 
1160 
1171 
1183 
1191 
1195 
1192 
1179 
1154 
1113 
1057 
987 
910 
842 
794 
770 
766 
764 
738 
667 
551 
410 
278 
177 
121 
102 
101 
99 
88 
70 
49 
32 
18 
10 
5 
2 
1 
0 
0 
0 
0 
0 
0 
0 
0 
0 
0 
0 
0 
0 
0 
0 
1 
1 
3 
5 
7 
11 
15 
20 
24 
26 
27 
27 
30 
41 
65 
101 
144 
188 
224 
250 
265 
270 
271 
271 
275 
287 
314 
354 
407 
468 
535 
598 
652 
693 
716 
720 
715 
721 
759 
838 
950 
1068 
1158 
1198 
1192 
1156 
1113 
1078 
1058 
1050 
1053 
1061 
1069 
1073 
1068 
1050 
1015 
965 
906 
839 
774 
718 
675 
650 
642 
642 
633 
592 
512 
400 
280 
179 
114 
84 
77 
77 
75 
70 
62 
54 
45 
36 
29 
21 
14 
8 
4 
2 
2 
2 
2 
1 
1 
0 
0 
0 
0 
0 
0 
0 
0 
1 
1 
3 
4 
6 
9 
12 
15 
18 
20 
20 
20 
22 
31 
50 
82 
125 
171 
212 
240 
256 
262 
263 
263 
270 
287 
319 
365 
421 
482 
543 
597 
644 
674 
687 
687 
686 
700 
746 
826 
923 
1012 
1071 
1086 
1064 
1022 
977 
939 
915 
904 
900 
902 
904 
899 
884 
854 
812 
759 
700 
640 
585 
537 
505 
489 
486 
485 
467 
419 
339 
242 
152 
84 
50 
39 
38 
38 
35 
31 
26 
23 
20 
18 
16 
14 
12 
8 
5 
2 
1 
0 
0 
0 
0 
0 
0 
0 
0 
0 
0 
0 
1 
1 
3 
5 
7 
10 
13 
15 
18 
20 
21 
21 
22 
27 
40 
64 
98 
135 
169 
195 
212 
221 
223 
223 
225 
233 
251 
281 
321 
369 
419 
466 
504 
534 
549 
551 
548 
555 
587 
651 
734 
820 
880 
901 
887 
853 
819 
791 
776 
769 
769 
772 
776 
776 
769 
752 
722 
681 
633 
583 
534 
494 
462 
444 
439 
439 
430 
396 
331 
248 
161 
96 
62 
52 
51 
50 
43 
32 
21 
13 
7 
4 
2 
1 
0 
0 
0 
0 
0 
0 
0 
0 
0 
0 
0 
0 
0 
0 
0 
0 
0 
1 
1 
3 
4 
6 
9 
12 
16 
18 
20 
20 
20 
23 
34 
55 
87 
126 
164 
196 
219 
231 
235 
236 
236 
239 
250 
271 
305 
353 
411 
475 
538 
590 
624 
638 
636 
635 
650 
694 
767 
854 
927 
967 
969 
942 
903 
869 
847 
838 
838 
840 
842 
843 
839 
829 
808 
774 
726 
667 
603 
538 
485 
449 
433 
431 
429 
412 
366 
293 
206 
129 
78 
56 
51 
51 
47 
36 
23 
11 
5 
2 
1 
1 
1 
1 
1 
1 
1 
0 
0 
0 
0 
0 
0 
0 
0 
0 
0 
0 
1 
2 
3 
4 
7 
9 
12 
15 
18 
21 
22 
23 
23 
25 
34 
55 
92 
140 
190 
239 
275 
296 
305 
307 
307 
311 
326 
356 
406 
473 
555 
641 
723 
788 
826 
838 
835 
838 
868 
940 
1047 
1171 
1278 
1338 
1350 
1321 
1273 
1226 
1189 
1167 
1161 
1163 
1169 
1174 
1173 
1160 
1130 
1080 
1013 
929 
843 
759 
692 
651 
636 
636 
630 
598 
524 
416 
292 
184 
113 
81 
74 
74 
70 
59 
44 
30 
18 
10 
5 
3 
1 
0 
0 
0 
0 
0 
0 
0 
0 
0 
0 
0 
0 
0 
0 
1 
2 
3 
5 
9 
13 
17 
23 
29 
36 
42 
46 
47 
47 
49 
57 
78 
117 
170 
232 
293 
344 
380 
399 
406 
406 
407 
417 
443 
488 
555 
640 
735 
833 
915 
975 
1004 
1006 
1000 
1013 
1071 
1181 
1326 
1474 
1586 
1636 
1623 
1573 
1512 
1460 
1427 
1413 
1415 
1423 
1432 
1437 
1431 
1406 
1361 
1294 
1207 
1110 
1009 
923 
858 
824 
816 
815 
796 
734 
622 
477 
328 
208 
137 
111 
108 
107 
97 
79 
57 
36 
21 
12 
6 
3 
1 
0 
0 
0 
0 
0 
0 
0 
0 
0 
0 
0 
0 
0 
0 
0 
0 
1 
2 
4 
8 
13 
18 
25 
32 
40 
45 
49 
49 
50 
55 
73 
107 
155 
211 
267 
318 
356 
381 
393 
395 
395 
400 
418 
452 
500 
555 
607 
648 
676 
694 
701 
699 
691 
686 
693 
719 
767 
825 
870 
887 
867 
822 
766 
712 
666 
634 
616 
611 
615 
620 
621 
608 
577 
530 
474 
421 
378 
347 
325 
314 
309 
309 
307 
295 
265 
217 
158 
107 
73 
58 
56 
56 
54 
49 
42 
36 
29 
23 
17 
11 
7 
4 
3 
3 
3 
2 
1 
1 
0 
0 
0 
0 
0 
0 
0 
0 
1 
2 
4 
7 
10 
14 
18 
22 
25 
28 
29 
29 
30 
38 
57 
93 
144 
200 
253 
297 
325 
337 
339 
339 
343 
357 
385 
430 
488 
555 
621 
684 
734 
772 
789 
790 
787 
795 
833 
903 
996 
1089 
1152 
1173 
1152 
1103 
1047 
996 
956 
932 
923 
923 
925 
923 
912 
887 
846 
792 
728 
663 
600 
547 
506 
485 
481 
481 
469 
428 
358 
264 
171 
100 
59 
45 
43 
43 
41 
38 
34 
30 
27 
25 
23 
21 
18 
14 
9 
5 
2 
1 
1 
1 
1 
0 
0 
0 
0 
0 
0 
0 
0 
1 
2 
4 
6 
9 
12 
16 
20 
23 
24 
24 
26 
36 
59 
93 
134 
174 
206 
229 
241 
245 
245 
246 
251 
264 
288 
320 
361 
404 
448 
490 
527 
555 
570 
572 
568 
573 
605 
671 
761 
849 
904 
915 
891 
850 
811 
786 
773 
770 
774 
778 
781 
778 
767 
743 
711 
671 
627 
582 
539 
500 
470 
453 
448 
448 
438 
404 
337 
246 
156 
92 
58 
48 
48 
46 
40 
30 
20 
13 
8 
5 
3 
1 
0 
0 
0 
0 
0 
0 
0 
0 
0 
0 
0 
0 
0 
0 
0 
0 
0 
0 
1 
1 
3 
6 
9 
13 
17 
21 
24 
24 
25 
28 
40 
64 
101 
141 
180 
214 
237 
250 
255 
255 
256 
260 
272 
296 
334 
382 
438 
499 
557 
609 
649 
672 
677 
673 
677 
709 
776 
873 
970 
1038 
1059 
1039 
1000 
962 
934 
920 
916 
919 
923 
925 
922 
911 
886 
848 
800 
744 
682 
624 
570 
527 
501 
492 
492 
484 
450 
382 
285 
184 
104 
59 
43 
41 
40 
35 
26 
17 
9 
4 
2 
0 
0 
0 
0 
0 
0 
0 
0 
0 
0 
0 
0 
0 
0 
0 
0 
0 
0 
0 
0 
0 
1 
2 
3 
6 
9 
13 
17 
20 
21 
21 
22 
27 
40 
63 
95 
131 
165 
193 
213 
222 
225 
225 
227 
235 
253 
283 
324 
372 
422 
470 
514 
551 
574 
583 
580 
579 
599 
653 
744 
847 
933 
978 
980 
952 
916 
886 
868 
861 
862 
868 
873 
875 
869 
852 
823 
782 
734 
683 
635 
590 
551 
525 
513 
512 
509 
487 
431 
341 
236 
146 
87 
63 
59 
59 
54 
44 
32 
21 
13 
7 
4 
2 
1 
0 
0 
0 
0 
0 
0 
0 
0 
0 
0 
0 
0 
0 
0 
0 
0 
0 
1 
1 
2 
3 
5 
7 
9 
11 
13 
14 
14 
14 
16 
23 
37 
60 
88 
118 
144 
165 
178 
186 
188 
189 
189 
193 
203 
222 
253 
298 
354 
418 
487 
550 
593 
612 
613 
614 
644 
717 
837 
971 
1089 
1161 
1181 
1165 
1136 
1114 
1106 
1112 
1122 
1134 
1144 
1149 
1148 
1140 
1122 
1090 
1044 
988 
924 
853 
789 
743 
722 
720 
716 
686 
613 
493 
357 
233 
146 
103 
91 
91 
87 
74 
55 
37 
22 
13 
7 
4 
2 
1 
1 
1 
1 
1 
1 
1 
1 
1 
1 
1 
1 
1 
1 
0 
0 
0 
1 
3 
5 
7 
9 
11 
13 
14 
16 
17 
17 
17 
18 
23 
37 
61 
93 
129 
163 
191 
211 
221 
225 
226 
227 
233 
251 
283 
328 
380 
429 
470 
502 
521 
529 
529 
528 
535 
560 
608 
670 
733 
778 
793 
778 
747 
712 
687 
672 
667 
670 
677 
685 
692 
691 
677 
647 
601 
548 
500 
463 
436 
422 
416 
416 
415 
407 
381 
333 
272 
209 
159 
132 
124 
124 
123 
115 
101 
87 
74 
63 
54 
47 
41 
37 
36 
36 
35 
33 
27 
20 
13 
9 
8 
8 
8 
7 
7 
6 
5 
4 
4 
3 
4 
5 
6 
8 
9 
11 
12 
13 
13 
13 
14 
19 
29 
49 
75 
107 
141 
171 
197 
215 
222 
224 
224 
229 
245 
277 
330 
403 
489 
581 
666 
732 
771 
782 
780 
790 
835 
921 
1041 
1164 
1260 
1311 
1318 
1297 
1265 
1235 
1215 
1201 
1195 
1197 
1203 
1208 
1206 
1191 
1159 
1106 
1033 
946 
853 
766 
699 
658 
646 
646 
635 
589 
503 
383 
259 
158 
96 
70 
66 
66 
61 
51 
39 
27 
18 
10 
5 
3 
2 
1 
1 
1 
1 
0 
0 
0 
0 
0 
0 
0 
0 
0 
0 
0 
0 
0 
0 
0 
0 
1 
2 
3 
5 
7 
9 
11 
12 
12 
12 
14 
18 
29 
45 
66 
90 
115 
136 
150 
159 
162 
161 
165 
180 
210 
258 
320 
387 
454 
516 
558 
577 
578 
578 
597 
654 
747 
859 
959 
1028 
1060 
1059 
1043 
1025 
1009 
998 
990 
986 
985 
987 
990 
988 
974 
944 
896 
834 
767 
700 
639 
596 
575 
572 
570 
549 
490 
397 
285 
184 
114 
77 
68 
68 
65 
57 
43 
30 
19 
12 
7 
4 
3 
2 
1 
1 
1 
1 
1 
1 
0 
0 
0 
0 
0 
0 
0 
0 
0 
0 
0 
0 
1 
2 
5 
8 
12 
16 
18 
19 
20 
20 
20 
20 
22 
29 
42 
63 
89 
119 
147 
173 
192 
203 
207 
206 
210 
225 
259 
312 
385 
472 
557 
631 
683 
709 
715 
712 
723 
768 
851 
960 
1068 
1152 
1196 
1204 
1187 
1161 
1134 
1111 
1092 
1081 
1077 
1082 
1088 
1090 
1080 
1048 
996 
923 
836 
750 
673 
618 
588 
580 
580 
568 
522 
439 
330 
222 
136 
85 
64 
60 
60 
57 
52 
44 
37 
29 
22 
15 
10 
5 
3 
2 
1 
1 
1 
1 
0 
0 
0 
0 
0 
0 
0 
0 
0 
0 
0 
1 
2 
5 
8 
13 
17 
21 
23 
25 
26 
26 
26 
31 
44 
71 
111 
162 
215 
261 
295 
314 
320 
320 
324 
342 
378 
434 
508 
587 
666 
735 
789 
822 
832 
830 
829 
850 
908 
997 
1098 
1184 
1235 
1248 
1227 
1187 
1137 
1087 
1045 
1015 
998 
993 
994 
991 
974 
940 
885 
813 
734 
655 
584 
528 
492 
477 
476 
473 
449 
390 
300 
199 
112 
56 
30 
24 
24 
23 
20 
16 
13 
10 
9 
9 
8 
7 
5 
3 
2 
1 
0 
0 
0 
0 
0 
0 
0 
0 
0 
1 
1 
1 
1 
1 
1 
2 
4 
7 
10 
14 
18 
22 
26 
28 
30 
30 
31 
38 
57 
94 
144 
200 
253 
297 
325 
337 
338 
339 
349 
375 
420 
482 
552 
622 
686 
734 
766 
780 
780 
776 
783 
816 
881 
970 
1056 
1123 
1151 
1143 
1107 
1058 
1010 
967 
935 
915 
909 
910 
911 
902 
877 
831 
769 
699 
628 
564 
513 
479 
462 
458 
458 
447 
411 
343 
253 
166 
99 
62 
52 
51 
49 
42 
31 
20 
12 
6 
3 
2 
1 
0 
0 
0 
0 
0 
0 
0 
0 
0 
1 
0 
0 
0 
1 
1 
1 
2 
2 
2 
3 
4 
8 
13 
18 
23 
26 
28 
28 
28 
28 
31 
39 
56 
86 
129 
180 
228 
269 
295 
307 
309 
310 
315 
332 
366 
417 
481 
557 
640 
722 
792 
838 
855 
852 
853 
883 
957 
1061 
1173 
1257 
1300 
1300 
1272 
1230 
1186 
1150 
1121 
1104 
1095 
1093 
1093 
1088 
1070 
1036 
985 
921 
844 
761 
678 
604 
554 
531 
530 
526 
494 
421 
316 
204 
117 
67 
49 
47 
46 
39 
27 
15 
6 
3 
2 
2 
2 
2 
2 
2 
2 
3 
3 
4 
4 
4 
3 
3 
3 
3 
2 
2 
2 
3 
3 
4 
5 
6 
8 
11 
14 
18 
22 
26 
30 
33 
33 
34 
43 
71 
121 
191 
264 
329 
372 
394 
401 
401 
404 
416 
442 
487 
549 
622 
701 
780 
852 
909 
943 
951 
948 
952 
983 
1056 
1162 
1274 
1363 
1407 
1401 
1355 
1284 
1214 
1157 
1122 
1108 
1108 
1113 
1113 
1103 
1079 
1033 
972 
899 
818 
738 
665 
606 
570 
558 
558 
550 
514 
437 
329 
217 
127 
73 
51 
47 
47 
43 
36 
27 
19 
12 
8 
4 
2 
1 
1 
1 
1 
1 
1 
1 
1 
1 
1 
1 
1 
2 
2 
2 
3 
4 
6 
9 
12 
17 
23 
29 
36 
41 
45 
48 
48 
48 
51 
60 
81 
115 
160 
211 
261 
305 
335 
351 
356 
357 
357 
363 
377 
402 
437 
481 
531 
587 
638 
681 
706 
713 
709 
707 
722 
765 
833 
906 
967 
994 
985 
945 
895 
846 
810 
788 
780 
781 
786 
788 
784 
770 
745 
709 
663 
610 
551 
495 
447 
415 
401 
400 
397 
380 
337 
269 
192 
122 
74 
49 
43 
43 
41 
34 
26 
17 
11 
6 
3 
1 
0 
0 
0 
0 
0 
0 
0 
0 
0 
0 
0 
0 
0 
0 
0 
0 
0 
1 
1 
1 
2 
5 
10 
19 
31 
46 
60 
72 
81 
85 
85 
86 
91 
108 
138 
181 
237 
296 
349 
390 
416 
429 
432 
432 
435 
445 
468 
506 
562 
634 
718 
803 
874 
918 
930 
919 
911 
936 
1012 
1132 
1268 
1382 
1446 
1452 
1419 
1363 
1307 
1263 
1235 
1225 
1227 
1234 
1242 
1244 
1235 
1213 
1175 
1119 
1045 
959 
869 
789 
733 
707 
703 
699 
665 
585 
465 
329 
209 
129 
93 
83 
83 
80 
71 
57 
41 
27 
16 
8 
4 
1 
1 
0 
0 
0 
0 
0 
0 
0 
0 
0 
0 
0 
0 
0 
0 
0 
0 
0 
1 
3 
5 
9 
13 
18 
24 
29 
34 
37 
37 
37 
41 
53 
77 
113 
157 
200 
238 
268 
289 
300 
304 
304 
306 
315 
338 
372 
412 
457 
496 
530 
552 
566 
572 
569 
564 
562 
574 
607 
658 
713 
752 
762 
740 
700 
657 
620 
595 
581 
577 
578 
583 
585 
580 
560 
528 
489 
443 
403 
366 
340 
323 
312 
309 
309 
307 
292 
258 
207 
148 
98 
64 
49 
46 
46 
44 
39 
33 
26 
21 
16 
12 
8 
5 
2 
1 
1 
1 
1 
1 
1 
0 
0 
0 
0 
0 
0 
0 
0 
0 
1 
2 
3 
4 
5 
7 
9 
10 
12 
13 
14 
14 
14 
18 
30 
53 
85 
121 
155 
183 
201 
209 
211 
211 
213 
221 
237 
263 
301 
346 
393 
438 
480 
515 
539 
551 
552 
551 
563 
601 
669 
751 
827 
874 
882 
859 
824 
790 
764 
750 
745 
745 
746 
746 
739 
725 
700 
662 
618 
571 
525 
483 
446 
420 
407 
404 
404 
390 
352 
284 
201 
121 
62 
32 
23 
22 
22 
19 
16 
13 
11 
9 
8 
7 
6 
4 
3 
2 
1 
1 
1 
1 
1 
1 
1 
1 
1 
1 
1 
1 
1 
2 
2 
3 
4 
6 
8 
10 
13 
16 
17 
19 
19 
19 
20 
24 
36 
59 
91 
129 
167 
199 
220 
231 
234 
234 
237 
249 
275 
318 
373 
435 
498 
556 
602 
632 
644 
645 
643 
652 
685 
749 
836 
928 
997 
1028 
1022 
991 
954 
922 
902 
894 
894 
898 
903 
904 
894 
869 
827 
771 
709 
645 
586 
539 
507 
493 
490 
490 
479 
445 
381 
294 
201 
127 
84 
69 
68 
67 
61 
49 
35 
25 
17 
12 
9 
7 
6 
5 
5 
5 
5 
5 
4 
3 
3 
2 
2 
2 
2 
2 
2 
2 
2 
1 
1 
1 
2 
3 
6 
9 
13 
16 
19 
20 
21 
21 
21 
24 
32 
50 
78 
114 
155 
193 
223 
244 
254 
257 
257 
261 
275 
305 
353 
418 
491 
567 
633 
683 
714 
723 
720 
721 
744 
797 
877 
963 
1034 
1071 
1071 
1045 
1009 
975 
947 
929 
918 
914 
914 
915 
911 
896 
866 
818 
754 
682 
605 
538 
485 
451 
439 
438 
434 
410 
357 
277 
190 
117 
71 
54 
51 
51 
44 
34 
22 
12 
6 
4 
3 
3 
3 
3 
3 
3 
2 
1 
1 
1 
1 
1 
1 
1 
1 
1 
1 
0 
1 
1 
1 
2 
4 
7 
9 
13 
16 
19 
22 
24 
25 
25 
26 
34 
51 
83 
129 
182 
233 
274 
300 
312 
315 
315 
318 
329 
353 
391 
447 
514 
587 
659 
717 
760 
780 
781 
778 
787 
822 
885 
965 
1040 
1092 
1110 
1093 
1051 
997 
948 
911 
891 
884 
886 
889 
888 
879 
855 
817 
761 
693 
620 
546 
484 
439 
416 
412 
411 
399 
363 
298 
218 
142 
83 
47 
32 
28 
28 
27 
23 
18 
12 
7 
4 
2 
1 
0 
0 
0 
0 
0 
0 
0 
0 
0 
0 
0 
0 
0 
0 
0 
0 
1 
2 
4 
8 
12 
17 
24 
31 
40 
47 
53 
56 
56 
56 
61 
77 
107 
153 
212 
270 
324 
362 
387 
397 
399 
399 
405 
421 
452 
503 
572 
653 
740 
823 
888 
922 
928 
919 
924 
966 
1054 
1173 
1297 
1389 
1432 
1426 
1385 
1326 
1273 
1232 
1208 
1198 
1199 
1205 
1210 
1207 
1193 
1162 
1111 
1041 
958 
868 
781 
710 
670 
656 
656 
644 
596 
506 
386 
262 
165 
106 
82 
78 
78 
72 
60 
45 
30 
18 
11 
6 
3 
1 
0 
0 
0 
0 
0 
0 
0 
0 
0 
0 
0 
0 
0 
0 
0 
0 
0 
0 
1 
3 
5 
7 
10 
13 
16 
18 
20 
20 
20 
22 
31 
49 
77 
111 
147 
179 
202 
216 
222 
223 
223 
227 
239 
263 
302 
352 
411 
472 
529 
575 
604 
613 
611 
613 
637 
694 
780 
877 
962 
1009 
1018 
996 
962 
928 
903 
889 
882 
885 
892 
898 
899 
891 
870 
832 
782 
723 
662 
603 
555 
523 
511 
511 
506 
480 
421 
334 
237 
150 
94 
68 
62 
62 
59 
53 
44 
36 
27 
20 
13 
9 
5 
2 
1 
0 
0 
0 
0 
0 
0 
0 
0 
0 
0 
0 
0 
0 
0 
0 
0 
1 
1 
3 
6 
9 
12 
15 
17 
19 
19 
19 
19 
22 
28 
43 
69 
105 
148 
191 
228 
252 
263 
264 
265 
272 
295 
336 
392 
459 
532 
605 
668 
716 
742 
750 
748 
750 
777 
838 
932 
1036 
1120 
1173 
1184 
1165 
1128 
1086 
1047 
1017 
1000 
995 
999 
1003 
1000 
981 
942 
887 
821 
748 
674 
610 
559 
529 
518 
518 
513 
485 
423 
330 
225 
139 
80 
54 
47 
47 
46 
42 
35 
29 
22 
17 
13 
8 
5 
3 
1 
1 
0 
0 
0 
0 
0 
0 
0 
0 
0 
0 
0 
0 
0 
0 
1 
1 
3 
4 
6 
8 
11 
13 
15 
17 
17 
17 
18 
24 
36 
58 
88 
125 
163 
200 
230 
250 
260 
262 
262 
271 
297 
347 
424 
517 
617 
709 
785 
834 
852 
852 
852 
874 
932 
1025 
1137 
1240 
1311 
1340 
1331 
1302 
1267 
1235 
1209 
1191 
1181 
1179 
1183 
1187 
1180 
1155 
1105 
1028 
935 
834 
740 
664 
613 
592 
590 
587 
563 
504 
411 
298 
194 
117 
76 
63 
62 
61 
54 
44 
32 
21 
13 
8 
4 
1 
0 
0 
0 
0 
0 
0 
0 
0 
0 
0 
0 
0 
0 
0 
0 
0 
0 
0 
0 
1 
3 
5 
8 
12 
15 
18 
19 
20 
20 
20 
22 
30 
46 
74 
113 
158 
204 
245 
277 
294 
300 
300 
303 
318 
352 
408 
484 
570 
660 
741 
804 
839 
850 
848 
849 
870 
922 
1002 
1092 
1170 
1216 
1224 
1201 
1163 
1122 
1086 
1057 
1037 
1029 
1030 
1033 
1032 
1018 
983 
928 
852 
767 
678 
597 
533 
495 
481 
479 
476 
454 
401 
321 
231 
152 
99 
75 
70 
70 
66 
56 
44 
32 
22 
16 
13 
11 
11 
11 
11 
9 
8 
6 
4 
3 
3 
3 
3 
3 
3 
2 
2 
2 
1 
1 
1 
2 
3 
5 
8 
11 
14 
18 
21 
24 
25 
25 
25 
30 
46 
78 
126 
185 
244 
295 
331 
350 
356 
356 
359 
372 
402 
453 
520 
603 
688 
771 
839 
887 
910 
913 
910 
921 
964 
1050 
1162 
1273 
1355 
1390 
1377 
1331 
1273 
1219 
1180 
1155 
1147 
1149 
1153 
1153 
1142 
1113 
1063 
995 
912 
825 
742 
672 
621 
595 
588 
588 
573 
528 
441 
329 
217 
130 
79 
60 
58 
57 
52 
41 
29 
18 
11 
6 
3 
2 
0 
0 
0 
0 
0 
0 
0 
0 
0 
0 
0 
0 
0 
0 
0 
0 
0 
0 
1 
3 
5 
8 
12 
17 
23 
29 
35 
40 
42 
44 
44 
45 
51 
69 
103 
154 
218 
283 
336 
375 
395 
403 
403 
404 
411 
428 
460 
507 
573 
658 
751 
845 
920 
965 
978 
972 
976 
1017 
1109 
1241 
1381 
1491 
1547 
1544 
1500 
1436 
1376 
1335 
1312 
1308 
1313 
1323 
1328 
1325 
1310 
1278 
1231 
1163 
1076 
979 
882 
802 
752 
732 
732 
723 
680 
587 
454 
313 
197 
124 
92 
85 
85 
80 
68 
52 
36 
23 
13 
7 
3 
1 
0 
0 
0 
0 
0 
0 
0 
0 
0 
0 
0 
0 
0 
0 
0 
0 
0 
0 
1 
2 
4 
6 
10 
13 
16 
20 
22 
24 
24 
24 
27 
35 
56 
90 
138 
191 
242 
281 
305 
317 
320 
320 
324 
338 
370 
421 
491 
574 
659 
738 
799 
837 
850 
848 
848 
872 
932 
1025 
1133 
1228 
1287 
1300 
1276 
1228 
1176 
1129 
1097 
1080 
1076 
1081 
1087 
1089 
1078 
1049 
1000 
930 
847 
760 
680 
616 
576 
560 
558 
555 
529 
467 
373 
265 
168 
100 
66 
57 
56 
55 
51 
45 
37 
30 
22 
16 
10 
6 
3 
1 
0 
0 
0 
0 
0 
0 
0 
0 
0 
0 
0 
0 
0 
0 
0 
1 
1 
3 
5 
8 
11 
15 
19 
23 
27 
28 
29 
29 
34 
50 
82 
127 
183 
242 
293 
329 
348 
354 
354 
357 
369 
397 
440 
501 
574 
650 
725 
788 
833 
856 
859 
855 
864 
906 
985 
1085 
1182 
1248 
1270 
1253 
1210 
1154 
1097 
1049 
1017 
1002 
1000 
1004 
1006 
999 
975 
937 
879 
808 
733 
656 
592 
544 
518 
511 
511 
498 
452 
372 
271 
174 
104 
65 
50 
48 
48 
46 
43 
39 
35 
31 
27 
23 
18 
14 
9 
5 
2 
1 
1 
1 
1 
1 
1 
1 
0 
0 
0 
0 
0 
1 
1 
2 
3 
6 
8 
10 
13 
16 
18 
19 
20 
20 
21 
29 
46 
76 
117 
160 
201 
233 
254 
265 
268 
268 
269 
277 
294 
324 
370 
425 
489 
552 
611 
660 
689 
700 
698 
699 
718 
771 
854 
950 
1029 
1073 
1073 
1041 
998 
958 
931 
917 
912 
915 
918 
919 
913 
897 
869 
825 
770 
707 
644 
583 
532 
500 
487 
486 
484 
463 
410 
326 
229 
142 
81 
51 
43 
43 
41 
37 
30 
24 
18 
15 
13 
11 
10 
8 
6 
5 
3 
2 
1 
1 
1 
1 
1 
1 
1 
1 
1 
1 
1 
1 
1 
1 
1 
2 
3 
4 
6 
8 
10 
11 
12 
12 
12 
14 
19 
29 
47 
71 
101 
133 
163 
188 
202 
210 
211 
211 
215 
228 
256 
299 
355 
422 
491 
558 
616 
653 
668 
668 
669 
695 
756 
853 
960 
1052 
1106 
1118 
1101 
1071 
1041 
1020 
1008 
1005 
1007 
1012 
1016 
1015 
1004 
977 
934 
878 
810 
740 
672 
614 
575 
557 
556 
553 
526 
465 
368 
259 
162 
98 
68 
61 
61 
58 
50 
38 
26 
16 
10 
5 
3 
1 
0 
0 
0 
0 
0 
0 
0 
0 
0 
0 
0 
0 
0 
0 
0 
0 
0 
0 
1 
2 
4 
6 
9 
12 
16 
19 
21 
22 
22 
23 
27 
39 
63 
102 
150 
200 
246 
280 
303 
312 
315 
315 
319 
334 
366 
416 
483 
566 
651 
733 
801 
844 
862 
860 
860 
884 
947 
1044 
1156 
1253 
1308 
1318 
1288 
1240 
1192 
1155 
1134 
1126 
1130 
1137 
1145 
1145 
1133 
1101 
1051 
983 
900 
815 
732 
662 
617 
596 
594 
591 
565 
500 
403 
291 
190 
123 
89 
80 
80 
77 
69 
55 
41 
27 
18 
10 
5 
3 
3 
3 
3 
2 
1 
0 
0 
0 
0 
0 
0 
0 
0 
0 
0 
0 
0 
0 
1 
2 
5 
7 
11 
15 
19 
23 
27 
29 
31 
31 
32 
39 
60 
96 
150 
211 
270 
318 
352 
370 
375 
375 
379 
395 
431 
487 
563 
649 
738 
819 
881 
919 
929 
926 
929 
961 
1032 
1136 
1244 
1329 
1375 
1375 
1342 
1289 
1231 
1181 
1143 
1118 
1107 
1107 
1110 
1109 
1094 
1059 
1003 
926 
839 
749 
666 
601 
561 
546 
546 
538 
502 
428 
324 
215 
129 
75 
55 
51 
51 
47 
38 
29 
19 
13 
8 
5 
2 
1 
0 
0 
0 
0 
0 
0 
0 
0 
0 
0 
0 
0 
0 
0 
0 
0 
0 
0 
0 
1 
4 
8 
14 
21 
30 
38 
47 
53 
57 
58 
58 
62 
79 
115 
171 
241 
312 
377 
427 
459 
475 
479 
479 
486 
510 
558 
638 
742 
861 
982 
1083 
1151 
1178 
1175 
1168 
1190 
1263 
1387 
1536 
1673 
1766 
1798 
1776 
1721 
1653 
1593 
1546 
1515 
1500 
1496 
1501 
1505 
1502 
1478 
1431 
1351 
1246 
1126 
1002 
898 
824 
790 
785 
782 
752 
672 
544 
395 
258 
161 
113 
98 
98 
95 
84 
66 
47 
30 
18 
9 
4 
2 
1 
0 
0 
0 
0 
0 
0 
0 
0 
0 
0 
0 
0 
0 
0 
0 
0 
0 
0 
1 
2 
4 
7 
12 
18 
24 
30 
36 
39 
40 
40 
42 
51 
74 
112 
160 
211 
259 
298 
322 
334 
337 
337 
341 
354 
384 
432 
499 
582 
668 
749 
816 
857 
869 
864 
863 
887 
954 
1058 
1174 
1269 
1321 
1327 
1295 
1247 
1197 
1154 
1122 
1105 
1101 
1105 
1114 
1118 
1111 
1086 
1040 
974 
890 
804 
720 
650 
605 
588 
587 
582 
552 
481 
377 
261 
163 
102 
74 
67 
67 
66 
61 
54 
47 
40 
32 
24 
16 
10 
5 
2 
1 
1 
1 
1 
1 
0 
0 
0 
0 
0 
0 
0 
0 
0 
0 
1 
1 
3 
6 
10 
14 
18 
23 
27 
30 
31 
